====================================================================================================
REPORTE ESTADÍSTICO - DATASET FINAL DE ENTRENAMIENTO
====================================================================================================

📊 INFORMACIÓN GENERAL
----------------------------------------------------------------------------------------------------
Total de observaciones: 889
Total de features predictoras: 31
Ratio observaciones/features: 28.68

🎯 DISTRIBUCIÓN DE LA VARIABLE OBJETIVO
----------------------------------------------------------------------------------------------------
Bajo Riesgo (0):  478 (53.77%)
Alto Riesgo (1):  411 (46.23%)

📋 LISTA DE FEATURES PREDICTORAS
----------------------------------------------------------------------------------------------------
 1. accurateCrosses_p90
 2. accurateFinalThirdPasses_p90
 3. accurateLongBalls_p90
 4. accuratePassesPercentage
 5. aerialDuelsWon_p90
 6. assists_p90
 7. blockedShots_p90
 8. clearances_p90
 9. contexto_equipo_top
10. dribbledPast_p90
11. edad
12. fouls_p90
13. goalConversionPercentage
14. goals_p90
15. keyPasses_p90
16. minutesPlayed
17. nac_Argentina
18. nac_Colombia
19. nac_Perú
20. nac_Uruguay
21. offsides_p90
22. penaltyConversionPercentage
23. pos_Delantero
24. pos_Mediocampista
25. proviene_club_grande
26. proviene_liga_extranjera
27. shotsOffTarget_p90
28. shotsOnTarget_p90
29. successfulDribbles_p90
30. wasFouled_p90
31. yellowCards_p90

📊 ESTADÍSTICAS DESCRIPTIVAS POR CLASE
----------------------------------------------------------------------------------------------------

BAJO RIESGO (0):
       accurateCrosses_p90  accurateFinalThirdPasses_p90  accurateLongBalls_p90  accuratePassesPercentage  aerialDuelsWon_p90  assists_p90  blockedShots_p90  clearances_p90  contexto_equipo_top  dribbledPast_p90        edad   fouls_p90  goalConversionPercentage   goals_p90  keyPasses_p90  minutesPlayed  nac_Argentina  nac_Colombia    nac_Perú  nac_Uruguay  offsides_p90  penaltyConversionPercentage  pos_Delantero  pos_Mediocampista  proviene_club_grande  proviene_liga_extranjera  shotsOffTarget_p90  shotsOnTarget_p90  successfulDribbles_p90  wasFouled_p90  yellowCards_p90
count           478.000000                    478.000000             478.000000                478.000000          478.000000   478.000000        478.000000      478.000000           478.000000        478.000000  478.000000  478.000000                478.000000  478.000000     478.000000     478.000000     478.000000    478.000000  478.000000   478.000000    478.000000                   478.000000     478.000000         478.000000            478.000000                478.000000          478.000000         478.000000              478.000000     478.000000       478.000000
mean              0.531445                      6.814930               2.422002                 76.683101            1.347031     0.086415          0.299795        1.661640             0.246862          0.729483   27.962343    1.343210                  8.538172    0.135293       1.021520    1635.271967       0.131799      0.081590    0.627615     0.075314      0.197823                    16.339659       0.267782           0.271967              0.257322                  0.838912            0.578095           0.464306                0.832865       1.363782         0.225447
std               0.586316                      3.794298               1.639052                  5.880472            1.021466     0.104167          0.259321        1.547441             0.431637          0.463068    4.207740    0.558864                  8.878364    0.163080       0.761698     756.213555       0.338627      0.274026    0.483947     0.264173      0.298819                    34.946813       0.443267           0.445439              0.437616                  0.367997            0.440784           0.412667                0.810288       0.882554         0.152664
min               0.000000                      0.357143               0.000000                 56.000000            0.000000     0.000000          0.000000        0.000000             0.000000          0.000000   19.000000    0.086957                  0.000000    0.000000       0.000000     450.000000       0.000000      0.000000    0.000000     0.000000      0.000000                     0.000000       0.000000           0.000000              0.000000                  0.000000            0.000000           0.000000                0.000000       0.000000         0.000000
25%               0.059240                      4.018786               1.208900                 73.176453            0.572158     0.000000          0.096749        0.504983             0.000000          0.401993   25.000000    0.949692                  0.000000    0.000000       0.382089     990.750000       0.000000      0.000000    0.000000     0.000000      0.000000                     0.000000       0.000000           0.000000              0.000000                  1.000000            0.236782           0.146035                0.305233       0.688305         0.128009
50%               0.303693                      6.289935               2.179581                 77.021464            1.005495     0.058033          0.242180        0.997794             0.000000          0.613041   28.000000    1.274826                  7.692308    0.077403       0.892858    1595.500000       0.000000      0.000000    1.000000     0.000000      0.092920                     0.000000       0.000000           0.000000              0.000000                  1.000000            0.500232           0.327224                0.600584       1.179639         0.205737
75%               0.805482                      8.827642               3.325573                 81.142343            1.888006     0.136882          0.439829        2.523068             0.000000          0.952404   31.000000    1.681807                 13.407960    0.205165       1.464279    2157.500000       0.000000      0.000000    1.000000     0.000000      0.236780                     0.000000       1.000000           1.000000              1.000000                  1.000000            0.800200           0.694587                1.135685       1.847882         0.301536
max               2.950820                     22.577426               9.893048                 90.238095            5.713311     0.605875          1.580796        7.000000             1.000000          2.913669   40.000000    3.610134                 50.000000    0.751043       3.612644    3529.000000       1.000000      1.000000    1.000000     1.000000      2.352941                   100.000000       1.000000           1.000000              1.000000                  1.000000            2.394678           2.213115                8.473827       5.261727         1.214165

ALTO RIESGO (1):
       accurateCrosses_p90  accurateFinalThirdPasses_p90  accurateLongBalls_p90  accuratePassesPercentage  aerialDuelsWon_p90  assists_p90  blockedShots_p90  clearances_p90  contexto_equipo_top  dribbledPast_p90        edad   fouls_p90  goalConversionPercentage   goals_p90  keyPasses_p90  minutesPlayed  nac_Argentina  nac_Colombia    nac_Perú  nac_Uruguay  offsides_p90  penaltyConversionPercentage  pos_Delantero  pos_Mediocampista  proviene_club_grande  proviene_liga_extranjera  shotsOffTarget_p90  shotsOnTarget_p90  successfulDribbles_p90  wasFouled_p90  yellowCards_p90
count           411.000000                    411.000000             411.000000                411.000000          411.000000   411.000000        411.000000      411.000000           411.000000        411.000000  411.000000  411.000000                411.000000  411.000000     411.000000     411.000000     411.000000    411.000000  411.000000   411.000000    411.000000                   411.000000     411.000000         411.000000            411.000000                411.000000          411.000000         411.000000              411.000000     411.000000       411.000000
mean              0.351621                      5.981878               2.105616                 76.250054            1.338971     0.064271          0.265492        1.572010             0.102190          0.794791   27.170316    1.623205                  7.581371    0.118455       0.818925    1439.058394       0.087591      0.038929    0.773723     0.034063      0.220131                    10.518770       0.330900           0.313869              0.209246                  0.812652            0.539238           0.402543                0.684253       1.364061         0.272144
std               0.447002                      2.875161               1.359831                  6.549547            1.045961     0.085143          0.246921        1.317886             0.303267          0.535242    4.344910    0.634193                  9.365972    0.168337       0.590112     685.450414       0.283044      0.193663    0.418931     0.181613      0.323904                    29.964996       0.471111           0.464629              0.407266                  0.390666            0.436222           0.396351                0.638387       0.849706         0.164208
min               0.000000                      0.722569               0.000000                 57.459677            0.000000     0.000000          0.000000        0.000000             0.000000          0.000000   18.000000    0.203046                  0.000000    0.000000       0.000000     450.000000       0.000000      0.000000    0.000000     0.000000      0.000000                     0.000000       0.000000           0.000000              0.000000                  0.000000            0.000000           0.000000                0.000000       0.068966         0.000000
25%               0.039005                      4.076583               0.971488                 71.958917            0.676692     0.000000          0.082008        0.603757             0.000000          0.401420   24.000000    1.180530                  0.000000    0.000000       0.390055     900.000000       0.000000      0.000000    1.000000     0.000000      0.000000                     0.000000       0.000000           0.000000              0.000000                  1.000000            0.200822           0.090566                0.232578       0.775331         0.153218
50%               0.176471                      5.609756               1.963261                 77.203290            1.087482     0.037190          0.201643        1.180328             0.000000          0.678636   27.000000    1.578947                  5.357143    0.045895       0.708661    1282.000000       0.000000      0.000000    1.000000     0.000000      0.090680                     0.000000       0.000000           0.000000              0.000000                  1.000000            0.426829           0.259740                0.491635       1.121995         0.257985
75%               0.557309                      7.215505               3.110005                 80.901333            1.709218     0.098983          0.376569        2.137513             0.000000          1.057197   30.000000    2.039757                 12.262800    0.181374       1.119571    1941.500000       0.000000      0.000000    1.000000     0.000000      0.277399                     0.000000       1.000000           1.000000              0.000000                  1.000000            0.813506           0.627212                0.933928       1.833718         0.365041
max               3.095541                     23.478261               6.103859                 93.893130            7.011008     0.591549          1.548387        6.654220             1.000000          3.191489   39.000000    3.396226                 50.000000    0.954064       3.539326    3554.000000       1.000000      1.000000    1.000000     1.000000      2.258065                   100.000000       1.000000           1.000000              1.000000                  1.000000            2.133621           1.741935                4.388103       4.934211         0.820046

====================================================================================================
