====================================================================================================
ESTADÍSTICAS DESCRIPTIVAS - DATASET PREPROCESADO
====================================================================================================

Total de registros: 904
Total de features: 31
Ratio: 29.16

LISTA DE FEATURES:
----------------------------------------------------------------------------------------------------
 1. accurateCrosses_p90
 2. accurateFinalThirdPasses_p90
 3. accurateLongBalls_p90
 4. accuratePassesPercentage
 5. aerialDuelsWon_p90
 6. assists_p90
 7. blockedShots_p90
 8. clearances_p90
 9. contexto_equipo_top
10. dribbledPast_p90
11. edad
12. fouls_p90
13. goalConversionPercentage
14. goals_p90
15. keyPasses_p90
16. minutesPlayed
17. nac_Argentina
18. nac_Colombia
19. nac_Perú
20. nac_Uruguay
21. offsides_p90
22. penaltyConversionPercentage
23. pos_Delantero
24. pos_Mediocampista
25. proviene_club_grande
26. proviene_liga_extranjera
27. shotsOffTarget_p90
28. shotsOnTarget_p90
29. successfulDribbles_p90
30. wasFouled_p90
31. yellowCards_p90

ESTADÍSTICAS:
----------------------------------------------------------------------------------------------------
       accurateCrosses_p90  accurateFinalThirdPasses_p90  accurateLongBalls_p90  accuratePassesPercentage  aerialDuelsWon_p90  assists_p90  blockedShots_p90  clearances_p90  contexto_equipo_top  dribbledPast_p90        edad   fouls_p90  goalConversionPercentage   goals_p90  keyPasses_p90  minutesPlayed  nac_Argentina  nac_Colombia    nac_Perú  nac_Uruguay  offsides_p90  penaltyConversionPercentage  pos_Delantero  pos_Mediocampista  proviene_club_grande  proviene_liga_extranjera  shotsOffTarget_p90  shotsOnTarget_p90  successfulDribbles_p90  wasFouled_p90  yellowCards_p90
count           904.000000                    904.000000             904.000000                904.000000          904.000000   904.000000        904.000000      904.000000           904.000000        904.000000  904.000000  904.000000                904.000000  904.000000     904.000000     904.000000     904.000000    904.000000  904.000000   904.000000    904.000000                   904.000000     904.000000         904.000000            904.000000                904.000000          904.000000         904.000000              904.000000     904.000000       904.000000
mean              0.446798                      6.423530               2.272772                 76.511659            1.349904     0.076328          0.283719        1.631492             0.185841          0.760407   27.631637    1.471679                  8.071068    0.127346       0.926736    1540.136062       0.113938      0.064159    0.689159     0.057522      0.209120                    13.422092       0.298673           0.288717              0.234513                  0.828540            0.561421           0.435624                0.760560       1.361020         0.246351
std               0.533295                      3.430906               1.517116                  6.224642            1.043382     0.096409          0.254046        1.458580             0.389193          0.501692    4.275964    0.613367                  9.071621    0.165090       0.693728     728.575465       0.317912      0.245172    0.463094     0.232966      0.311127                    32.621277       0.457929           0.453417              0.423929                  0.377119            0.438535           0.405669                0.735589       0.865041         0.159270
min               0.000000                      0.276356               0.000000                 56.000000            0.000000     0.000000          0.000000        0.000000             0.000000          0.000000   18.000000    0.086957                  0.000000    0.000000       0.000000     450.000000       0.000000      0.000000    0.000000     0.000000      0.000000                     0.000000       0.000000           0.000000              0.000000                  0.000000            0.000000           0.000000                0.000000       0.000000         0.000000
25%               0.046669                      4.034764               1.117921                 72.504163            0.620757     0.000000          0.088416        0.549642             0.000000          0.401203   24.000000    1.014479                  0.000000    0.000000       0.384164     942.750000       0.000000      0.000000    0.000000     0.000000      0.000000                     0.000000       0.000000           0.000000              0.000000                  1.000000            0.221473           0.123904                0.266667       0.712761         0.137287
50%               0.236182                      5.990418               2.041881                 77.084329            1.050886     0.046644          0.215706        1.118677             0.000000          0.650095   27.000000    1.389487                  6.382979    0.063937       0.797981    1394.000000       0.000000      0.000000    1.000000     0.000000      0.092045                     0.000000       0.000000           0.000000              0.000000                  1.000000            0.458955           0.300754                0.551325       1.155701         0.228426
75%               0.685528                      8.126008               3.217602                 81.045752            1.805812     0.116868          0.414795        2.319909             0.000000          1.005829   31.000000    1.857733                 12.500000    0.194036       1.301936    2070.250000       0.000000      0.000000    1.000000     0.000000      0.251672                     0.000000       1.000000           1.000000              0.000000                  1.000000            0.813020           0.659425                1.014148       1.834374         0.333488
max               3.095541                     23.478261               9.893048                 93.893130            7.011008     0.605875          1.580796        7.000000             1.000000          3.191489   40.000000    3.610134                 50.000000    0.954064       3.612644    3554.000000       1.000000      1.000000    1.000000     1.000000      2.352941                   100.000000       1.000000           1.000000              1.000000                  1.000000            2.394678           2.213115                8.473827       5.261727         1.214165

DISTRIBUCIÓN POR POSICIÓN:
----------------------------------------------------------------------------------------------------
Defensa        :  373 ( 41.3%)
Delantero      :  270 ( 29.9%)
Mediocampista  :  261 ( 28.9%)

====================================================================================================
